4604
100 245 111 245
112 245 123 245
124 245 134 245
69 245 78 245
84 245 95 245
15 245 26 245
27 245 37 245
38 245 49 245
147 245 158 245
161 245 172 245
173 245 183 245
184 245 194 245
57 245 68 245
52 247 60 247
19 247 28 247
29 247 40 247
41 247 51 247
56 248 66 248
17 248 25 248
26 248 34 248
35 248 44 248
45 248 55 248
48 249 59 249
15 249 24 249
25 249 36 249
37 249 47 249
0 248 4 249
5 248 16 248
5 249 14 249
65 246 75 246
111 246 122 246
76 246 84 246
71 247 82 247
83 247 92 247
103 247 113 247
123 246 134 246
125 247 136 247
114 247 124 247
19 246 29 246
30 246 40 246
41 246 49 246
147 246 157 246
169 246 180 246
158 246 168 246
169 247 180 247
157 247 168 247
137 247 146 247
197 246 199 249
181 246 190 246
181 247 190 247
191 246 196 247
102 248 107 249
108 248 119 248
108 249 119 249
67 248 77 248
78 248 89 248
71 249 80 249
81 249 92 249
90 248 101 248
93 249 101 249
129 248 134 249
135 248 140 249
120 248 123 249
124 248 128 249
175 249 184 249
168 248 177 248
151 249 162 249
157 248 167 248
163 249 174 249
141 248 146 249
178 248 187 248
147 247 150 249
151 247 156 248
185 249 196 249
188 248 196 248
85 246 96 246
93 247 102 247
99 246 110 246
3 246 14 246
3 247 14 247
15 246 18 247
60 249 70 249
61 247 70 247
54 246 64 246
0 245 2 247
50 245 53 246
135 245 140 246
141 245 146 246
2 219 12 219
13 219 20 219
21 219 32 219
56 219 63 219
64 219 74 219
107 219 118 219
128 219 138 219
139 219 149 219
150 219 159 219
160 219 168 219
60 223 71 223
72 223 83 223
2 220 5 221
2 222 13 222
6 220 17 220
6 221 17 221
14 222 24 222
18 220 27 220
18 221 29 221
28 220 36 220
30 221 39 221
40 221 47 221
49 220 57 220
61 220 63 222
64 220 73 220
64 221 69 222
70 221 73 222
131 220 139 220
131 221 142 221
140 220 148 220
142 222 149 222
143 221 152 221
149 220 159 220
153 221 164 221
160 220 169 220
160 222 171 222
165 221 176 221
172 222 181 222
177 221 188 221
0 219 1 223
142 223 153 223
150 222 159 222
154 223 165 223
33 219 44 219
37 220 48 220
45 219 55 219
115 220 118 221
115 223 125 223
119 219 122 221
123 219 125 222
126 219 127 223
128 220 130 223
131 222 141 222
131 223 141 223
182 222 193 222
187 223 196 223
169 219 176 219
170 220 178 220
179 220 188 220
194 220 196 222
189 220 193 221
15 223 26 223
25 222 36 222
27 223 38 223
37 222 46 222
39 223 47 223
47 222 57 222
48 221 57 221
48 223 59 223
58 220 60 222
84 223 95 223
96 223 105 223
106 223 114 223
114 222 122 222
177 219 184 219
74 220 78 221
74 222 84 222
75 219 85 219
79 220 90 220
79 221 90 221
85 222 96 222
86 219 95 219
91 220 96 221
97 220 105 220
97 221 102 222
103 221 114 221
103 222 113 222
106 220 114 220
96 219 106 219
68 225 77 225
78 225 87 225
99 225 106 225
107 225 117 225
139 225 150 225
88 225 98 225
27 227 32 228
31 229 40 229
33 227 38 228
103 226 110 226
103 227 113 227
103 228 113 228
110 229 120 229
111 226 119 226
114 227 124 227
114 228 125 228
121 229 131 229
125 227 135 227
126 228 137 228
132 226 142 226
136 227 145 227
138 228 149 228
143 226 154 226
153 229 164 229
162 228 171 228
165 229 176 229
177 229 186 229
39 227 44 228
41 229 50 229
45 227 50 228
59 225 67 225
118 225 129 225
120 226 131 226
130 225 138 225
61 224 70 224
71 224 82 224
140 224 149 224
191 224 198 224
83 224 93 224
150 224 159 224
197 225 198 229
67 229 77 229
78 229 87 229
88 229 97 229
146 227 157 227
150 228 161 228
106 224 117 224
118 224 128 224
129 224 139 224
187 225 196 225
187 226 189 229
190 226 191 229
192 226 196 227
192 228 196 229
19 224 24 225
25 224 36 224
25 225 36 225
31 226 40 226
37 224 42 225
43 224 52 224
43 225 50 225
53 224 60 224
41 226 52 226
51 225 58 225
51 227 54 229
94 224 105 224
6 233 15 233
16 233 27 233
28 233 39 233
50 233 58 233
59 233 69 233
82 233 93 233
157 233 167 233
168 233 178 233
179 233 189 233
190 233 198 233
40 233 49 233
70 233 81 233
4 231 9 232
10 231 21 231
10 232 21 232
20 230 27 230
22 231 25 232
26 231 31 232
28 230 36 230
32 231 41 231
32 232 43 232
37 230 45 230
42 231 53 231
44 232 53 232
46 230 55 230
54 231 63 231
54 232 65 232
64 231 75 231
66 232 76 232
76 231 87 231
77 232 87 232
88 231 97 231
88 232 97 232
89 230 97 230
110 230 118 230
119 230 127 230
155 231 166 231
155 232 164 232
158 230 169 230
165 232 175 232
167 231 177 231
170 230 178 230
176 232 187 232
178 231 187 231
179 230 190 230
188 231 198 231
188 232 198 232
56 230 67 230
191 230 199 230
68 230 78 230
79 230 88 230
107 231 117 231
113 232 121 232
98 229 100 232
101 229 104 230
105 229 109 230
10 230 19 230
122 232 127 233
113 233 121 233
53 226 64 226
55 227 60 228
55 229 66 229
57 242 66 242
58 244 66 244
63 243 74 243
67 244 78 244
75 243 85 243
81 242 91 242
86 243 97 243
92 242 99 242
98 243 107 243
100 242 111 242
100 244 108 244
108 243 116 243
109 244 117 244
112 242 119 242
117 243 125 243
120 242 128 242
152 242 156 243
157 242 168 242
157 243 167 243
162 244 170 244
171 244 178 244
118 244 129 244
144 242 147 244
148 242 151 244
26 242 30 243
31 242 35 243
36 241 39 243
56 241 64 241
81 241 89 241
90 241 100 241
92 240 103 240
101 241 112 241
104 240 113 240
108 239 119 239
113 241 123 241
114 240 123 240
124 240 127 241
128 240 131 241
132 240 142 240
132 241 142 241
40 242 48 242
143 240 147 241
148 240 153 241
154 239 157 241
158 239 162 240
158 241 167 241
163 239 174 239
163 240 173 240
49 242 56 242
51 243 62 243
126 243 137 243
129 242 138 242
131 244 142 244
139 242 143 243
13 240 24 240
25 239 33 239
25 241 35 241
26 240 37 240
84 244 95 244
152 244 161 244
40 241 49 241
94 236 97 237
104 236 114 236
109 238 120 238
166 238 173 238
180 237 187 237
180 238 191 238
188 237 198 237
13 241 24 241
16 242 19 243
20 242 25 243
109 237 118 237
115 236 126 236
120 239 128 239
144 239 153 239
192 238 194 240
195 238 198 240
8 234 19 234
20 234 29 234
90 235 101 235
91 234 101 234
107 234 111 235
117 234 122 235
164 234 175 234
175 235 186 235
176 234 186 234
123 235 130 235
129 239 137 239
40 243 50 243
187 234 190 236
191 234 194 236
195 234 198 236
174 240 181 240
175 239 183 239
182 240 191 240
184 239 191 239
24 244 34 244
35 244 45 244
131 235 142 235
138 237 149 237
138 238 143 239
139 236 150 236
143 235 153 235
144 238 155 238
150 237 161 237
151 236 162 236
152 234 163 234
154 235 165 235
156 238 165 238
162 237 173 237
112 234 116 235
16 235 27 235
25 237 33 237
25 238 35 238
26 236 37 236
28 235 38 235
30 234 38 234
34 237 43 237
34 239 43 239
36 238 46 238
38 236 46 236
38 240 49 240
39 234 43 235
44 234 55 234
44 235 55 235
44 237 55 237
44 239 55 239
47 236 55 236
47 238 58 238
50 240 55 241
56 234 57 237
58 234 68 234
58 235 69 235
58 236 63 237
64 237 75 237
67 236 78 236
76 237 87 237
79 236 87 236
80 235 89 235
81 238 91 238
81 240 91 240
87 239 98 239
88 236 93 237
67 242 76 242
69 234 79 234
70 235 79 235
80 234 90 234
98 236 103 237
104 237 108 238
92 238 103 238
99 239 107 239
163 236 174 236
166 235 174 235
174 237 179 238
175 236 186 236
119 237 130 237
121 238 131 238
127 236 138 236
132 237 137 238
59 238 70 238
56 239 67 239
56 240 67 240
123 234 132 234
179 241 190 241
183 242 188 243
189 242 194 243
191 241 198 241
195 242 199 243
183 244 194 244
199 231 199 241
2 233 5 235
65 241 76 241
68 239 73 240
71 238 80 238
75 239 86 239
77 240 80 242
65 226 75 226
61 227 72 227
62 228 73 228
74 228 82 228
46 244 57 244
76 226 87 226
73 227 84 227
83 228 91 228
85 227 96 227
88 226 96 226
92 228 102 228
97 226 102 227
168 241 178 241
169 242 178 242
179 242 182 244
168 243 178 243
94 233 105 233
101 231 106 232
102 234 106 235
107 232 112 233
105 166 116 166
117 166 127 166
128 166 139 166
140 166 151 166
152 166 160 166
161 166 168 166
169 166 178 166
0 164 11 164
3 165 11 165
12 164 22 164
71 164 81 164
82 164 91 164
92 164 102 164
103 164 114 164
103 165 114 165
115 164 120 165
121 164 126 165
127 164 131 165
143 165 154 165
155 164 159 165
160 164 165 165
166 164 171 165
172 164 182 164
172 165 179 165
132 164 142 164
132 165 142 165
143 164 154 164
29 164 40 164
24 165 34 165
35 165 43 165
35 166 43 166
41 164 49 164
44 165 47 166
48 165 53 166
50 164 60 164
54 165 59 166
60 165 70 165
61 164 70 164
61 166 72 166
71 165 78 165
73 166 82 166
79 165 90 165
83 166 94 166
91 165 102 165
95 166 104 166
183 164 194 164
180 165 189 165
190 165 194 166
179 166 189 166
3 166 12 166
12 165 23 165
13 166 23 166
24 166 34 166
195 164 197 166
0 163 10 163
25 162 34 162
35 161 44 161
35 162 46 162
38 163 45 163
45 161 54 161
62 162 72 162
62 163 72 163
89 163 98 163
96 162 106 162
99 163 110 163
107 161 112 162
111 163 122 163
113 161 121 161
113 162 123 162
122 161 131 161
124 162 129 163
143 163 153 163
151 161 159 161
154 162 162 162
154 163 162 163
160 161 167 161
163 162 168 163
169 163 178 163
14 161 25 161
130 162 141 162
131 163 142 163
132 161 139 161
140 161 150 161
142 162 153 162
2 162 12 162
11 163 22 163
13 162 24 162
2 161 13 161
77 163 88 163
88 162 95 162
29 163 37 163
168 161 177 161
169 162 177 162
178 161 183 162
179 163 189 163
184 161 188 162
189 161 193 162
194 161 199 162
190 163 197 163
55 161 64 161
47 162 56 162
57 162 61 163
46 163 56 163
40 160 50 160
51 160 60 160
116 160 125 160
126 160 137 160
44 158 54 158
44 159 55 159
55 158 66 158
56 159 67 159
63 157 73 157
67 158 78 158
74 157 84 157
85 157 94 157
95 157 105 157
115 157 124 157
118 158 126 158
120 159 128 159
125 157 136 157
129 159 137 159
106 157 114 157
21 157 31 157
11 158 20 158
42 157 50 157
11 159 16 160
102 158 107 159
107 160 115 160
108 158 117 158
108 159 119 159
2 157 4 160
5 157 7 160
8 157 10 160
2 154 7 155
18 154 23 155
73 154 84 154
76 155 87 155
85 154 94 154
116 154 127 154
123 155 134 155
128 154 136 154
158 155 167 155
2 151 5 153
6 151 9 153
10 151 12 153
13 151 20 151
13 152 23 152
13 153 21 153
21 151 31 151
59 151 67 151
73 153 83 153
83 152 94 152
84 153 92 153
91 151 98 151
93 153 101 153
95 152 102 152
102 153 113 153
103 152 114 152
111 151 122 151
114 153 124 153
115 152 122 152
123 151 127 152
125 153 136 153
128 151 132 152
133 151 144 151
133 152 144 152
145 151 153 151
154 151 161 151
155 152 166 152
162 151 171 151
172 151 182 151
178 152 188 152
183 151 190 151
189 152 199 152
191 151 199 151
0 151 1 155
88 155 99 155
95 154 106 154
80 151 90 151
159 154 170 154
160 153 170 153
63 155 74 155
149 154 158 154
137 153 142 154
143 153 148 154
145 152 154 152
149 153 159 153
190 153 199 153
68 156 78 156
79 156 89 156
119 156 130 156
90 156 101 156
18 156 29 156
192 155 194 157
127 158 136 158
137 157 142 158
138 159 147 159
138 160 149 160
148 159 157 159
150 160 159 160
151 156 154 158
155 156 159 157
160 156 165 157
191 158 195 159
157 158 168 158
158 159 167 159
160 160 170 160
166 156 176 156
166 157 174 157
168 159 179 159
169 158 179 158
171 160 182 160
175 157 186 157
180 158 185 159
183 160 194 160
186 158 190 159
187 156 191 157
168 155 179 155
177 156 186 156
180 155 191 155
24 152 32 152
22 153 32 153
189 154 199 154
195 155 198 157
196 158 199 160
0 157 1 162
0 156 11 156
8 154 13 155
11 157 20 157
14 154 17 156
68 151 79 151
59 152 70 152
71 152 82 152
68 153 72 154
102 155 107 156
107 154 115 154
108 156 118 156
111 155 122 155
99 151 110 151
131 156 142 156
135 155 146 155
143 157 147 158
147 155 157 155
148 156 150 158
23 163 28 164
1 194 11 194
48 194 59 194
60 194 68 194
93 194 103 194
151 194 161 194
162 194 169 194
170 194 181 194
1 193 10 193
92 193 99 193
100 193 111 193
153 193 164 193
171 193 181 193
59 193 69 193
70 193 79 193
80 193 91 193
69 194 80 194
11 193 20 193
41 193 48 193
49 193 58 193
81 194 92 194
104 194 111 194
112 193 123 193
112 194 123 194
124 193 128 194
129 193 134 194
182 193 187 194
188 193 198 193
135 193 140 194
141 193 152 193
141 194 150 194
12 194 22 194
21 193 29 193
23 194 34 194
30 193 40 193
35 194 46 194
1 191 5 192
4 188 7 190
6 191 11 192
8 188 11 190
12 189 14 192
22 188 33 188
36 191 47 191
48 190 51 192
50 188 60 188
52 190 57 191
67 191 78 191
70 190 81 190
82 189 86 190
83 188 93 188
87 189 98 189
87 190 97 190
90 191 101 191
94 188 104 188
98 190 108 190
99 189 110 189
99 192 108 192
102 191 111 191
105 188 115 188
109 190 119 190
109 192 120 192
111 189 119 189
112 191 119 191
116 188 126 188
120 189 122 191
123 189 130 189
123 190 128 191
127 188 138 188
129 190 139 190
129 191 139 191
131 189 139 189
139 188 148 188
149 188 159 188
157 189 165 189
177 192 188 192
0 188 3 190
58 189 69 189
58 190 69 190
61 188 72 188
70 189 81 189
73 188 82 188
171 191 176 192
140 189 142 191
143 189 145 191
149 189 156 189
15 189 24 189
24 190 35 190
25 189 32 189
76 192 86 192
79 191 89 191
87 192 98 192
33 189 44 189
36 190 47 190
40 188 49 188
46 189 57 189
160 188 168 188
52 192 63 192
58 191 66 191
64 192 75 192
145 192 155 192
146 189 148 191
149 190 160 190
161 190 171 190
150 191 161 191
162 191 170 191
156 192 164 192
15 190 17 192
18 190 23 191
18 192 27 192
24 191 35 191
28 192 38 192
39 192 47 192
121 192 132 192
166 189 176 189
169 188 176 188
172 190 183 190
177 188 187 188
177 189 187 189
177 191 188 191
184 190 194 190
188 188 193 189
189 191 194 192
194 188 198 189
195 190 198 192
12 188 21 188
133 192 144 192
35 168 46 168
96 167 105 167
97 168 104 168
105 168 114 168
106 167 116 167
117 167 128 167
129 167 139 167
140 167 150 167
151 167 158 167
127 168 137 168
115 168 126 168
40 167 50 167
51 167 61 167
62 167 71 167
72 167 83 167
84 167 95 167
150 168 159 168
159 167 169 167
160 168 168 168
169 168 180 168
170 167 178 167
181 168 190 168
138 168 149 168
6 172 10 173
11 172 16 173
32 172 42 172
61 173 68 173
74 172 84 172
80 173 89 173
85 172 95 172
90 173 99 173
96 172 106 172
100 173 111 173
107 172 116 172
112 173 121 173
117 172 126 172
155 173 162 173
169 172 172 173
40 173 49 173
1 172 5 173
43 172 54 172
50 173 60 173
151 172 162 172
69 173 79 173
40 171 48 171
84 171 92 171
93 171 104 171
105 171 115 171
116 171 127 171
128 171 137 171
10 171 20 171
138 171 148 171
99 170 106 170
33 169 42 169
33 170 42 170
107 169 111 170
128 170 137 170
10 170 20 170
1 170 4 171
5 170 9 171
128 169 139 169
138 170 148 170
149 171 160 171
112 169 117 170
118 169 123 170
124 169 127 170
163 172 168 173
21 170 26 171
27 169 32 170
28 171 39 171
5 183 16 183
17 183 27 183
52 183 63 183
134 183 145 183
146 183 153 183
154 183 162 183
163 183 172 183
64 183 71 183
28 183 39 183
40 183 51 183
5 181 16 181
17 180 27 180
22 181 31 181
28 180 37 180
32 181 42 181
38 180 48 180
43 181 51 181
49 180 60 180
52 181 63 181
125 180 135 180
127 181 134 181
167 181 178 181
61 180 68 180
72 180 75 181
76 180 87 180
88 180 92 181
93 181 102 181
103 181 114 181
5 182 16 182
22 182 33 182
42 182 52 182
105 182 116 182
117 182 128 182
129 182 137 182
138 182 149 182
161 182 171 182
172 182 179 182
53 182 63 182
34 182 41 182
17 181 21 182
64 181 68 182
69 180 71 182
150 181 155 182
76 181 87 181
2 180 4 183
72 182 77 183
22 179 32 179
33 179 44 179
45 179 53 179
54 179 65 179
66 179 77 179
123 179 134 179
78 179 87 179
41 177 50 177
55 177 66 177
67 177 75 177
76 177 84 177
128 177 139 177
140 177 149 177
41 178 50 178
55 178 63 178
64 178 71 178
72 178 82 178
130 178 140 178
141 178 150 178
21 177 26 178
4 174 7 176
8 174 16 174
50 174 54 175
55 174 58 176
59 174 63 175
59 176 70 176
71 176 80 176
81 174 90 174
81 175 86 176
87 175 90 176
91 174 96 175
97 174 106 174
97 175 108 175
107 174 118 174
110 175 121 175
155 176 163 176
171 175 182 175
0 174 3 175
44 174 49 175
8 175 11 176
0 176 3 177
51 176 54 178
64 174 74 174
64 175 74 175
75 174 80 175
0 179 10 179
5 180 16 180
4 177 11 177
12 177 20 177
0 178 11 178
12 178 20 178
11 179 21 179
150 179 158 179
150 180 160 180
161 180 166 181
156 181 160 182
119 174 130 174
122 175 130 175
123 176 134 176
124 183 133 183
160 175 170 175
166 174 175 174
150 177 160 177
151 178 162 178
159 179 167 179
161 177 169 177
163 178 173 178
164 176 175 176
167 180 178 180
168 179 176 179
170 177 178 177
174 178 185 178
176 176 184 176
177 179 186 179
179 177 187 177
186 178 197 178
179 180 186 180
187 179 198 179
187 180 198 180
83 178 94 178
85 177 96 177
88 179 99 179
91 176 98 176
93 180 103 180
95 178 106 178
97 177 106 177
99 176 110 176
100 179 110 179
107 177 117 177
107 178 118 178
111 176 122 176
118 177 127 177
119 178 129 178
104 180 115 180
111 179 122 179
115 181 126 181
116 180 124 180
199 169 199 180
142 169 153 169
149 170 160 170
154 169 162 169
161 170 166 171
167 170 172 171
135 179 146 179
135 181 146 181
136 180 146 180
147 179 149 181
163 169 174 169
173 170 178 171
175 169 186 169
43 169 47 170
47 168 58 168
48 169 53 170
49 171 60 171
54 169 59 170
55 172 63 172
60 168 63 170
61 171 72 171
64 168 67 170
64 172 73 172
68 168 70 170
71 168 74 170
73 171 83 171
75 168 85 168
75 169 84 169
75 170 86 170
179 167 190 167
3 167 10 167
3 168 12 168
3 169 14 169
11 167 20 167
13 168 24 168
15 169 26 169
21 167 28 167
25 168 34 168
29 167 39 167
22 187 33 187
40 187 49 187
50 187 61 187
87 187 98 187
108 187 118 187
119 187 130 187
131 187 140 187
141 187 152 187
63 187 74 187
153 187 164 187
75 187 86 187
165 187 176 187
177 187 188 187
4 187 13 187
14 187 21 187
2 184 9 184
10 184 21 184
22 184 32 184
45 184 56 184
57 184 67 184
139 184 150 184
159 184 170 184
171 184 179 184
33 184 44 184
4 185 14 185
15 185 26 185
27 185 34 185
35 185 46 185
47 185 57 185
58 185 69 185
139 185 150 185
167 185 174 185
158 185 166 185
130 184 133 185
134 184 138 185
151 184 154 185
116 185 123 185
124 184 129 185
175 185 186 185
14 186 22 186
23 186 34 186
35 186 44 186
45 186 56 186
57 186 66 186
112 186 123 186
124 186 134 186
135 186 142 186
171 186 178 186
143 186 154 186
159 186 170 186
67 186 78 186
179 186 186 186
155 184 157 186
4 186 13 186
0 185 3 187
0 180 1 184
179 181 190 181
191 181 195 182
196 181 197 186
198 181 199 186
180 182 190 182
173 183 184 183
185 183 195 183
180 184 191 184
192 184 195 186
187 185 191 186
189 187 199 187
68 184 77 184
78 182 81 184
86 182 93 182
86 183 90 184
91 183 96 184
94 182 104 182
97 183 100 184
101 183 106 184
91 186 102 186
96 185 106 185
99 187 107 187
103 186 111 186
107 183 117 183
107 184 117 184
107 185 115 185
118 183 123 184
85 169 94 169
86 168 96 168
87 170 98 170
95 169 106 169
34 187 39 188
176 174 185 174
185 170 190 171
187 169 196 169
188 177 197 177
191 167 196 168
191 170 196 171
191 172 196 173
198 169 198 178
197 167 197 176
186 174 196 174
183 175 194 175
185 176 196 176
173 172 178 173
179 170 184 171
179 172 184 173
185 172 190 173
165 192 170 193
17 211 28 211
29 211 37 211
108 211 119 211
120 211 131 211
132 211 141 211
8 211 16 211
38 211 48 211
2 209 13 209
13 210 24 210
25 210 36 210
32 209 41 209
62 208 71 208
66 209 71 210
72 208 76 209
77 208 80 209
92 208 103 208
104 208 115 208
112 209 121 209
116 208 127 208
119 210 126 210
122 209 131 209
127 210 138 210
144 208 154 208
155 208 160 209
1 210 12 210
132 209 143 209
139 210 149 210
144 209 154 209
37 210 48 210
55 210 60 211
61 210 65 211
81 208 91 208
42 209 53 209
49 210 54 211
51 208 61 208
54 209 65 209
104 209 111 209
107 210 118 210
3 208 13 208
14 208 19 209
20 208 29 208
20 209 31 209
30 208 40 208
142 211 152 211
47 204 55 204
56 204 65 204
66 204 73 204
102 204 110 204
111 204 120 204
121 204 130 204
177 204 186 204
5 204 13 204
58 206 65 206
62 207 70 207
66 206 77 206
87 206 96 206
95 207 105 207
97 206 106 206
106 207 116 207
107 206 117 206
117 207 127 207
118 206 129 206
130 206 139 206
150 206 159 206
160 206 171 206
172 206 176 207
140 206 149 206
144 207 155 207
46 205 57 205
58 205 67 205
68 205 76 205
101 205 108 205
109 205 119 205
120 205 130 205
149 205 159 205
160 205 168 205
169 205 180 205
5 205 13 205
40 205 45 206
131 204 136 205
137 204 142 205
2 199 9 199
6 200 11 201
10 199 21 199
12 200 17 201
18 200 22 201
22 199 33 199
23 200 28 201
29 200 38 200
29 201 37 201
38 201 47 201
98 201 109 201
110 201 120 201
114 199 119 200
120 199 123 200
5 203 16 203
6 202 16 202
17 202 27 202
17 203 27 203
28 202 32 203
38 202 43 203
44 202 49 203
50 202 58 202
50 203 60 203
91 202 100 202
92 203 103 203
101 202 111 202
104 203 111 203
112 202 117 203
118 202 122 203
123 203 131 203
3 200 5 202
3 203 4 207
156 207 166 207
74 204 82 204
77 205 87 205
83 203 87 204
88 203 90 205
91 204 101 204
91 205 100 205
168 204 176 204
71 207 82 207
78 206 86 206
83 207 94 207
5 206 16 206
5 207 15 207
14 204 19 205
16 207 27 207
17 206 28 206
20 205 27 205
28 207 38 207
29 206 39 206
121 201 132 201
123 202 134 202
124 199 135 199
124 200 135 200
132 203 143 203
133 201 143 201
135 202 145 202
136 199 141 200
142 200 150 200
143 204 148 205
144 203 153 203
149 204 158 204
150 199 161 199
154 203 165 203
158 202 169 202
159 204 167 204
162 199 166 200
166 203 176 203
167 199 178 199
167 200 175 200
168 201 177 201
170 202 179 202
176 200 184 200
177 203 188 203
178 201 188 201
179 199 190 199
35 199 46 199
39 200 48 200
47 199 58 199
49 200 59 200
79 199 90 199
91 199 96 200
97 199 107 199
97 200 107 200
108 199 113 200
180 202 190 202
185 200 194 200
189 201 199 201
195 199 199 200
144 201 155 201
146 202 157 202
151 200 161 200
156 201 167 201
0 199 0 210
1 199 1 209
2 200 2 208
128 207 137 207
138 207 143 208
128 208 137 208
39 207 49 207
41 208 50 208
46 206 57 206
50 207 61 207
1 196 10 196
11 196 19 196
52 196 62 196
113 196 123 196
157 196 167 196
179 196 186 196
1 197 12 197
1 198 9 198
10 198 19 198
13 197 23 197
20 198 30 198
31 198 42 198
119 197 130 197
122 198 130 198
131 198 141 198
63 196 70 196
131 197 141 197
145 196 156 196
168 196 178 196
150 197 155 198
156 197 160 198
161 197 172 197
161 198 172 198
173 197 178 198
179 197 190 197
179 198 190 198
60 197 70 197
52 198 62 198
86 196 91 197
86 198 97 198
92 196 96 197
97 196 101 197
98 198 109 198
110 198 121 198
43 198 51 198
48 197 59 197
187 196 198 196
195 197 198 198
79 196 82 198
124 196 134 196
135 196 144 196
102 196 107 197
108 197 118 197
142 197 145 199
146 197 149 199
191 197 194 199
1 195 11 195
59 195 70 195
86 195 95 195
146 195 157 195
158 195 168 195
169 195 179 195
71 195 82 195
113 195 124 195
125 195 136 195
137 195 145 195
180 195 188 195
96 195 107 195
83 195 85 198
108 195 112 196
22 204 33 204
28 205 39 205
33 202 37 203
35 204 46 204
48 201 59 201
59 199 70 199
59 202 70 202
60 200 65 201
61 203 70 203
66 200 70 201
71 201 74 203
75 201 78 203
79 200 90 200
79 201 89 201
79 202 82 203
83 202 90 202
90 201 97 201
177 206 188 206
177 207 188 207
181 205 189 205
183 208 194 208
187 204 198 204
189 203 198 203
189 206 194 207
190 205 198 205
191 202 198 202
195 206 198 208
5 218 14 218
15 218 24 218
25 218 33 218
45 218 54 218
55 218 66 218
67 218 76 218
106 218 115 218
116 218 126 218
127 218 137 218
138 218 149 218
150 218 159 218
34 218 44 218
160 218 171 218
29 212 40 212
29 213 38 213
39 213 42 214
41 212 51 212
43 213 48 214
52 212 63 212
54 213 65 213
64 212 72 212
66 213 71 214
106 212 117 212
109 213 120 213
118 212 127 212
121 213 132 213
121 214 132 214
128 212 138 212
160 214 167 214
163 213 172 213
168 214 179 214
173 213 183 213
180 212 191 212
180 214 190 214
0 214 7 214
11 212 22 212
15 213 22 213
23 212 28 213
109 214 120 214
133 213 144 213
133 214 144 214
128 215 139 215
140 215 149 215
161 215 170 215
171 215 180 215
181 215 192 215
0 215 7 215
116 215 127 215
8 212 10 215
11 213 14 215
15 214 20 215
21 214 25 215
26 214 30 215
31 214 34 215
35 214 38 215
150 215 160 215
151 214 159 214
49 213 53 214
39 215 50 215
51 215 61 215
54 214 65 214
184 213 195 213
139 212 150 212
145 213 150 214
5 217 16 217
17 217 25 217
26 217 34 217
47 217 58 217
59 217 70 217
115 217 125 217
126 217 135 217
136 217 145 217
146 217 155 217
156 217 167 217
35 217 46 217
11 216 20 216
115 216 125 216
126 216 137 216
138 216 148 216
149 216 160 216
161 216 172 216
0 216 10 216
32 216 43 216
21 216 31 216
109 216 114 217
44 216 55 216
56 216 67 216
168 217 177 217
173 216 182 216
183 216 193 216
194 215 199 216
189 217 198 217
0 217 4 218
151 212 162 212
151 213 162 213
172 218 183 218
178 217 188 217
77 218 84 218
85 218 96 218
97 218 105 218
191 214 199 214
199 202 199 213
197 209 198 213
0 211 3 213
4 211 7 213
192 211 196 212
12 195 19 195
20 195 25 196
24 197 31 197
26 195 31 196
32 195 35 197
36 195 40 196
36 197 47 197
41 195 49 195
41 196 51 196
50 195 58 195
63 198 74 198
71 196 76 197
71 199 76 200
77 196 78 200
199 188 199 198
0 191 0 198
189 194 194 195
195 194 198 195
0 165 0 173
1 165 2 169
198 163 199 168
66 211 75 211
72 210 82 210
73 212 81 212
76 211 87 211
81 209 91 209
82 212 93 212
83 210 94 210
88 211 99 211
92 209 103 209
94 212 105 212
95 210 106 210
100 211 107 211
167 152 177 152
171 153 176 154
177 154 188 154
178 153 189 153
199 217 199 228
185 218 190 219
191 218 196 219
197 218 198 223
21 158 28 158
32 160 39 160
82 182 85 184
70 185 81 185
84 185 95 185
79 186 90 186
4 150 14 150
15 150 26 150
50 150 60 150
61 150 72 150
122 150 129 150
163 150 173 150
174 150 184 150
73 150 84 150
85 150 96 150
147 150 158 150
4 147 7 149
8 147 11 149
12 147 14 149
15 147 18 149
19 147 22 149
23 147 32 147
23 148 32 148
23 149 30 149
33 147 44 147
33 148 41 148
42 148 49 148
43 149 53 149
45 147 54 147
50 148 61 148
54 149 63 149
55 147 66 147
62 148 73 148
64 149 71 149
67 147 74 147
72 149 82 149
74 148 85 148
75 147 85 147
86 147 95 147
86 148 95 148
94 149 101 149
96 147 101 148
102 147 113 147
102 148 106 149
110 148 121 148
114 147 124 147
116 149 127 149
122 148 130 148
125 147 136 147
143 148 153 148
146 147 154 147
154 148 163 148
155 147 165 147
163 149 172 149
164 148 172 148
166 147 177 147
173 148 184 148
173 149 184 149
178 147 189 147
83 149 93 149
147 149 158 149
190 147 198 147
1 147 3 150
159 149 162 150
185 148 187 150
27 150 37 150
31 149 42 149
38 150 49 150
128 149 139 149
130 150 139 150
131 148 139 148
140 148 142 150
143 149 146 150
137 147 145 147
188 148 191 150
192 148 195 150
196 148 199 150
97 150 108 150
107 149 115 149
110 150 121 150
79 244 83 245
96 244 99 245
195 244 199 245
0 0 11 0
12 0 19 0
1 65 9 65
53 65 62 65
60 63 71 63
61 64 72 64
63 65 73 65
72 63 83 63
73 64 82 64
74 65 85 65
83 64 90 64
97 65 106 65
120 63 130 63
131 63 140 63
141 63 152 63
150 64 154 65
153 63 163 63
155 64 163 64
195 63 199 64
107 65 116 65
116 64 127 64
117 65 128 65
128 64 138 64
86 65 96 65
3 64 13 64
6 63 14 63
14 64 25 64
15 63 24 63
25 63 36 63
26 64 37 64
33 65 42 65
37 63 47 63
38 64 49 64
43 65 52 65
48 63 59 63
50 64 60 64
129 65 138 65
139 64 143 65
144 64 149 65
39 7 50 7
51 7 61 7
36 4 47 4
36 5 45 5
48 4 57 4
30 4 35 5
46 5 57 5
57 2 61 3
48 1 59 1
53 2 56 3
34 2 38 3
42 2 47 3
48 2 52 3
48 0 56 0
34 0 38 1
39 0 41 3
42 0 47 1
30 1 33 3
4 6 12 6
31 6 41 6
42 6 51 6
52 6 61 6
4 5 12 5
19 5 29 5
14 2 23 2
4 2 13 2
0 2 3 4
4 3 9 4
10 3 15 4
16 3 19 4
0 1 11 1
12 1 19 1
24 1 29 2
20 3 23 4
24 3 29 4
0 5 3 7
3 11 13 11
14 11 23 11
55 11 66 11
65 10 76 10
67 11 76 11
77 10 87 10
77 11 85 11
109 10 118 10
86 11 97 11
88 10 97 10
47 8 57 8
55 9 63 9
58 8 68 8
64 9 72 9
69 8 76 8
73 9 81 9
77 8 87 8
82 9 92 9
88 8 96 8
115 8 125 8
115 9 122 9
123 9 131 9
126 8 137 8
132 9 141 9
138 8 149 8
162 8 172 8
164 9 173 9
109 8 114 9
3 9 8 10
93 9 104 9
97 8 108 8
166 10 177 10
169 11 179 11
139 10 146 10
147 10 150 11
157 10 165 10
142 9 152 9
150 8 161 8
153 9 163 9
3 12 8 13
9 12 16 12
9 13 18 13
17 12 28 12
19 13 29 13
30 13 41 13
1 14 12 14
1 15 5 16
6 15 16 15
6 16 14 16
14 14 25 14
15 16 26 16
17 15 27 15
27 14 38 14
27 16 36 16
28 15 39 15
39 14 49 14
40 15 50 15
50 14 61 14
51 13 59 13
51 15 59 15
52 12 61 12
60 13 71 13
60 15 68 15
60 16 69 16
62 12 72 12
62 14 73 14
69 15 77 15
86 12 97 12
90 13 100 13
90 14 95 15
90 16 98 16
96 14 100 15
101 13 106 14
101 15 109 15
137 14 146 14
140 15 150 15
42 13 50 13
175 16 186 16
140 16 151 16
99 16 110 16
110 15 121 15
113 16 124 16
72 13 83 13
73 12 84 12
74 14 83 14
1 9 2 13
98 10 101 12
102 10 105 12
13 17 23 17
24 17 34 17
100 17 110 17
74 24 85 24
141 24 151 24
0 20 8 20
0 21 3 23
1 19 10 19
9 20 17 20
11 19 19 19
13 18 24 18
20 19 27 19
25 18 32 18
28 19 38 19
33 18 43 18
39 19 43 20
74 22 84 22
74 23 85 23
85 22 96 22
97 18 102 19
103 18 107 19
108 18 113 19
109 20 120 20
114 18 119 19
120 19 128 19
121 20 131 20
132 20 136 21
136 22 145 22
137 20 142 21
138 19 148 19
141 23 152 23
143 20 147 21
146 22 153 22
148 20 153 21
154 20 157 22
158 20 160 22
159 19 167 19
161 20 166 21
67 22 69 24
70 22 73 24
135 23 140 24
86 23 91 24
92 23 97 24
88 21 99 21
97 20 108 20
177 20 186 20
178 21 189 21
179 22 190 22
175 23 178 24
187 20 198 20
185 23 189 24
190 21 199 21
191 22 199 22
179 23 184 24
168 19 178 19
1 17 6 18
7 17 12 18
168 17 173 18
174 17 179 18
179 19 190 19
180 17 191 17
180 18 191 18
120 17 125 18
126 17 131 18
129 19 137 19
138 17 149 17
138 18 149 18
149 19 158 19
111 17 119 17
161 22 172 22
167 20 172 21
170 23 174 24
173 20 176 22
150 17 153 18
154 17 157 18
158 17 162 18
163 17 167 18
190 23 194 24
195 23 199 24
0 8 0 19
116 12 121 13
117 14 128 14
119 10 129 10
120 11 129 11
122 12 125 13
126 12 129 13
130 10 132 13
133 10 135 13
136 10 138 12
136 13 146 13
139 11 146 11
4 21 7 23
0 24 10 24
84 13 89 14
8 21 11 23
11 24 19 24
12 21 15 22
12 23 21 23
16 21 21 22
18 20 27 20
20 24 31 24
22 21 25 23
26 21 36 21
26 22 31 23
28 20 38 20
37 21 48 21
184 12 195 12
54 23 63 23
54 24 63 24
48 23 53 24
49 21 60 21
53 22 63 22
32 22 43 22
44 22 52 22
32 23 36 24
37 23 47 23
37 24 47 24
129 14 136 14
122 15 133 15
125 16 133 16
132 17 137 18
134 15 139 16
151 10 156 11
139 12 150 12
147 13 156 13
196 12 198 15
192 13 195 14
184 15 195 15
151 12 161 12
157 11 168 11
187 16 198 16
191 19 198 19
192 17 197 18
199 12 199 20
24 11 35 11
29 12 40 12
36 10 39 11
40 10 45 11
41 12 51 12
46 9 50 10
46 11 54 11
51 9 54 10
55 10 64 10
174 9 184 9
178 10 189 10
180 11 191 11
185 8 196 8
185 9 196 9
106 9 108 12
107 13 111 14
109 11 119 11
112 12 115 14
190 10 199 10
192 11 199 11
35 17 45 17
37 16 48 16
44 18 47 20
46 17 54 17
48 18 53 19
48 20 59 20
49 16 59 16
54 18 59 19
55 17 66 17
60 20 71 20
64 21 66 24
152 24 163 24
153 23 163 23
164 23 169 24
97 22 106 22
98 23 102 24
101 21 112 21
103 23 108 24
107 22 118 22
109 23 113 24
113 21 122 21
114 23 118 24
129 23 134 24
60 18 68 18
60 19 71 19
67 17 76 17
67 21 77 21
69 18 78 18
70 16 77 16
72 19 76 20
77 17 87 17
77 19 82 20
78 15 83 16
78 21 87 21
79 18 87 18
83 19 86 20
84 15 89 16
87 19 91 20
88 17 99 17
88 18 96 18
92 19 96 20
119 22 122 24
123 21 131 21
123 23 128 24
124 22 135 22
173 8 184 8
2 47 13 47
14 47 25 47
41 47 51 47
116 47 124 47
159 47 170 47
125 47 136 47
179 47 188 47
137 47 148 47
52 47 63 47
26 47 34 47
149 47 158 47
92 47 103 47
104 47 115 47
189 47 198 47
2 48 9 48
10 48 19 48
20 48 30 48
31 48 39 48
40 48 51 48
69 48 78 48
79 48 86 48
87 48 95 48
117 48 128 48
108 48 116 48
52 48 63 48
151 48 162 48
188 48 198 48
96 48 107 48
64 47 68 48
22 49 30 49
23 50 34 50
31 49 41 49
35 50 46 50
42 49 52 49
47 50 54 50
53 49 64 49
55 50 65 50
65 49 75 49
66 50 75 50
76 49 81 50
82 49 92 49
82 50 93 50
112 49 123 49
112 50 121 50
159 49 170 49
160 50 170 50
171 50 182 50
5 49 16 49
5 50 16 50
17 49 21 50
181 49 192 49
183 50 192 50
193 49 198 50
93 49 102 49
103 49 106 50
107 49 111 50
94 50 102 50
163 48 174 48
171 47 178 47
171 49 180 49
176 48 187 48
95 27 104 27
105 27 116 27
117 27 127 27
10 25 18 25
75 25 83 25
125 25 135 25
136 25 146 25
147 25 156 25
10 26 21 26
96 26 103 26
104 26 114 26
115 26 124 26
125 26 134 26
135 26 143 26
144 26 151 26
152 26 161 26
0 25 4 26
5 25 9 26
94 25 105 25
168 25 179 25
57 26 61 27
62 26 67 27
114 28 125 28
85 29 95 29
101 30 110 30
110 29 121 29
111 30 118 30
119 30 130 30
122 29 132 29
131 30 142 30
143 30 154 30
148 29 155 29
4 30 15 30
89 28 100 28
96 29 107 29
101 28 112 28
66 28 76 28
77 28 88 28
20 29 25 30
0 27 4 28
126 28 137 28
128 27 137 27
133 29 143 29
138 27 143 28
144 27 147 29
185 30 196 30
190 29 197 29
181 25 192 25
193 25 198 26
189 26 192 28
193 27 197 28
148 27 159 27
148 28 155 28
156 28 160 29
160 27 171 27
161 28 165 29
162 26 171 26
166 28 176 28
172 26 176 27
177 26 180 28
178 29 189 29
181 26 184 28
185 26 188 28
20 28 30 28
26 29 31 30
31 28 42 28
32 29 42 29
32 30 41 30
43 28 53 28
43 29 50 29
51 29 54 30
54 28 65 28
55 29 62 29
4 29 15 29
5 27 16 27
5 28 15 28
16 28 19 30
17 27 24 27
19 25 26 25
37 27 45 27
46 26 51 27
49 25 57 25
52 26 56 27
58 25 65 25
37 25 48 25
55 30 66 30
63 29 72 29
42 30 50 30
22 26 33 26
25 27 36 27
27 25 36 25
34 26 45 26
155 30 166 30
66 25 74 25
68 26 73 27
74 27 85 27
166 29 177 29
167 30 176 30
177 30 184 30
74 26 85 26
84 25 93 25
86 26 95 26
86 27 94 27
72 30 82 30
73 29 84 29
1 35 2 40
3 35 6 37
3 38 8 39
3 40 13 40
4 34 11 34
7 35 14 35
7 36 17 36
9 37 11 39
12 34 21 34
12 37 23 37
12 38 17 39
14 40 25 40
15 35 26 35
18 36 26 36
18 38 23 39
22 34 31 34
24 37 34 37
24 38 34 38
24 39 34 39
27 35 32 36
32 34 42 34
33 35 43 35
33 36 44 36
35 37 46 37
40 38 48 38
40 39 48 39
43 34 51 34
44 35 53 35
45 36 53 36
47 37 58 37
49 38 54 39
50 40 61 40
52 34 61 34
54 35 58 36
55 38 60 39
59 35 62 37
61 39 71 39
62 34 73 34
62 40 73 40
63 35 65 37
66 35 73 35
66 36 71 37
74 35 85 35
86 35 95 35
92 34 103 34
104 34 114 34
106 35 116 35
107 39 116 39
108 40 116 40
114 38 123 38
116 36 127 36
117 35 128 35
117 39 121 40
122 39 130 39
122 40 131 40
123 37 131 37
124 38 133 38
128 36 139 36
131 39 141 39
132 37 141 37
134 38 145 38
138 40 149 40
142 37 151 37
142 39 151 39
146 38 156 38
150 40 161 40
151 36 160 36
152 39 163 39
173 40 181 40
182 34 191 34
182 40 193 40
129 35 139 35
26 40 37 40
35 38 39 39
38 40 49 40
197 35 199 38
187 39 194 39
4 31 14 31
4 32 8 33
9 32 14 33
15 31 17 33
18 31 20 33
21 32 26 33
27 32 37 32
27 33 36 33
37 33 46 33
47 33 56 33
48 32 59 32
57 33 68 33
138 31 149 31
182 33 191 33
117 31 128 31
0 32 3 34
21 31 32 31
142 33 145 35
142 36 150 36
146 33 149 35
94 36 103 36
96 35 105 35
162 40 172 40
186 31 191 32
192 31 194 34
195 31 197 34
56 31 66 31
114 33 125 33
115 34 125 34
33 31 44 31
45 31 55 31
38 32 47 32
150 31 155 32
150 35 160 35
176 33 181 34
180 31 185 32
168 31 179 31
162 31 167 32
165 33 168 35
168 32 179 32
150 33 154 34
155 33 160 34
156 31 161 32
161 33 164 35
199 25 199 34
198 27 198 34
0 29 3 31
67 30 71 31
74 40 85 40
77 36 84 36
77 37 86 37
85 36 93 36
87 37 91 38
92 37 102 37
92 38 103 38
84 39 95 39
86 40 95 40
96 39 106 39
96 40 107 40
103 37 112 37
104 36 115 36
104 38 113 38
113 37 122 37
61 38 72 38
72 36 76 37
72 39 83 39
75 38 86 38
152 37 161 37
157 38 166 38
161 36 171 36
162 37 171 37
164 39 175 39
167 38 176 38
169 33 172 35
172 36 176 37
173 33 175 35
176 35 184 35
176 39 186 39
177 36 179 38
180 36 183 38
157 25 167 25
102 33 113 33
108 31 116 31
111 32 122 32
184 36 189 37
184 38 194 38
185 35 196 35
191 36 196 37
106 25 116 25
117 25 124 25
0 46 7 46
8 46 17 46
41 46 49 46
50 46 58 46
59 46 68 46
109 46 117 46
118 46 128 46
140 46 151 46
152 46 163 46
164 46 174 46
129 46 139 46
24 46 34 46
101 46 108 46
187 46 198 46
92 46 100 46
43 45 50 45
51 45 62 45
63 45 72 45
104 45 114 45
115 45 124 45
125 45 133 45
134 45 144 45
145 45 154 45
155 45 164 45
165 45 174 45
187 45 198 45
24 45 35 45
3 45 14 45
73 45 84 45
96 45 103 45
18 45 23 46
175 45 180 46
181 45 186 46
1 41 12 41
13 41 22 41
23 41 31 41
99 41 110 41
111 41 118 41
122 41 131 41
138 41 146 41
178 41 188 41
32 41 43 41
3 42 6 44
7 42 10 44
11 42 20 42
16 43 26 43
21 42 30 42
27 43 35 43
31 42 41 42
36 43 46 43
43 44 54 44
55 44 64 44
104 42 108 43
108 44 118 44
109 42 112 43
113 42 118 43
122 42 126 43
122 44 132 44
127 42 134 42
127 43 138 43
133 44 141 44
135 42 146 42
139 43 150 43
142 44 153 44
166 44 176 44
175 42 182 42
175 43 182 43
177 44 187 44
183 42 188 43
189 43 199 43
188 44 198 44
119 41 121 44
147 41 151 42
189 41 194 42
42 42 53 42
44 41 53 41
47 43 55 43
54 41 59 42
60 41 65 42
153 41 164 41
163 42 174 42
166 41 177 41
27 44 36 44
56 43 65 43
65 44 74 44
66 41 69 43
70 41 75 42
76 41 86 41
11 43 15 44
16 44 26 44
151 43 162 43
152 42 162 42
154 44 165 44
163 43 174 43
71 43 82 43
75 44 83 44
76 42 85 42
87 41 98 41
98 42 103 43
98 44 107 44
1 42 2 45
37 44 42 45
0 35 0 45
195 38 196 42
197 39 199 42
132 40 137 41
35 46 40 47
69 46 74 47
75 46 86 46
87 46 91 47
75 47 86 47
1 59 11 59
12 59 23 59
23 60 33 60
24 59 35 59
34 60 43 60
36 59 45 59
42 61 49 61
50 61 61 61
65 59 69 60
65 61 76 61
70 59 80 59
70 60 80 60
77 61 88 61
81 60 91 60
123 59 126 61
127 59 130 61
131 59 140 59
131 60 135 61
136 60 147 60
136 61 147 61
141 59 149 59
148 60 153 61
154 61 164 61
165 61 173 61
166 60 177 60
174 61 181 61
182 61 191 61
6 60 14 60
6 61 17 61
15 60 22 60
18 61 29 61
150 59 161 59
154 60 165 60
162 59 173 59
190 60 199 60
192 61 199 61
30 61 41 61
81 59 92 59
174 59 183 59
178 60 189 60
184 59 195 59
62 59 64 61
47 62 58 62
59 62 70 62
71 62 81 62
123 62 131 62
132 62 142 62
143 62 152 62
153 62 164 62
189 62 199 62
16 62 24 62
6 62 15 62
25 62 36 62
37 62 46 62
120 59 122 62
44 60 55 60
46 59 55 59
56 59 61 60
5 54 10 55
11 54 16 55
17 54 26 54
104 55 115 55
107 54 115 54
116 54 120 55
121 54 126 55
165 55 176 55
169 54 178 54
177 55 185 55
185 54 195 54
0 57 7 57
5 56 15 56
8 57 17 57
89 56 97 56
93 57 104 57
104 56 113 56
105 57 116 57
114 56 124 56
117 57 127 57
128 57 138 57
139 57 149 57
150 57 161 57
158 56 167 56
162 57 170 57
171 57 182 57
125 56 135 56
168 56 175 56
176 56 186 56
0 58 9 58
10 58 20 58
104 58 114 58
125 58 135 58
136 58 147 58
148 58 159 58
160 58 171 58
115 58 124 58
172 58 183 58
2 54 4 56
98 55 103 56
186 55 197 55
183 57 194 57
184 58 195 58
187 56 198 56
87 57 92 58
16 56 27 56
17 55 28 55
18 57 29 57
21 58 31 58
27 54 37 54
32 58 41 58
42 58 51 58
52 58 63 58
38 54 48 54
44 55 47 57
48 56 53 57
29 55 39 55
40 55 43 57
28 56 39 56
30 57 39 57
2 52 7 53
8 52 12 53
13 52 22 52
13 53 21 53
28 51 39 51
34 52 43 52
40 51 51 51
52 51 62 51
75 51 86 51
78 52 89 52
87 51 97 51
90 52 98 52
98 51 109 51
99 52 108 52
105 53 112 53
109 52 116 52
110 51 119 51
113 53 123 53
117 52 127 52
162 51 171 51
172 51 177 52
184 51 195 51
22 53 32 53
23 52 33 52
5 51 15 51
16 51 27 51
54 52 65 52
63 51 74 51
66 52 77 52
167 53 178 53
178 51 183 52
184 52 195 52
185 53 195 53
33 53 44 53
44 52 53 52
46 53 57 53
0 52 1 56
179 53 184 54
196 51 198 54
124 53 135 53
127 54 132 55
128 52 139 52
133 54 144 54
133 55 144 55
136 53 147 53
136 56 145 56
145 54 150 55
146 56 157 56
148 53 157 53
151 54 156 55
157 54 168 54
157 55 164 55
196 57 199 59
93 58 98 59
199 44 199 55
0 47 1 51
2 49 4 51
84 43 89 44
85 45 95 45
86 42 97 42
92 43 97 44
1 60 2 64
3 60 5 63
67 7 75 7
76 7 84 7
85 7 95 7
96 7 106 7
117 7 127 7
140 7 151 7
152 7 160 7
161 7 172 7
107 7 116 7
185 7 196 7
128 7 139 7
188 2 199 2
188 3 199 3
188 4 199 4
122 4 127 5
145 4 156 4
157 4 166 4
181 5 192 5
70 5 79 5
157 5 168 5
167 4 174 4
169 5 180 5
134 4 139 5
140 4 144 5
145 5 156 5
127 3 137 3
171 3 180 3
72 1 75 3
99 0 104 1
110 0 120 0
68 0 77 0
105 0 109 1
110 1 118 1
121 0 130 0
131 0 142 0
131 1 142 1
136 2 146 2
138 3 149 3
143 0 148 1
147 2 156 2
150 3 159 3
157 2 168 2
160 3 170 3
109 2 117 2
118 2 126 2
119 1 130 1
127 2 135 2
169 2 180 2
104 5 115 5
110 3 115 4
116 3 126 3
116 4 121 5
128 4 133 5
175 4 184 4
79 6 88 6
89 6 100 6
101 6 108 6
109 6 116 6
152 6 161 6
174 6 181 6
162 6 173 6
142 6 151 6
67 6 78 6
182 6 193 6
117 6 128 6
130 6 141 6
194 5 199 6
62 2 65 3
64 4 69 5
66 2 71 3
62 6 66 7
173 7 184 7
188 0 193 1
194 0 199 1
155 0 160 1
161 0 172 0
173 0 178 1
161 1 172 1
179 0 187 0
149 0 154 1
181 1 184 3
185 1 187 4
57 0 67 0
58 4 63 5
60 1 71 1
197 7 199 9
1 66 10 66
41 66 52 66
53 66 63 66
64 66 73 66
143 66 150 66
105 66 114 66
115 66 123 66
124 66 134 66
95 66 104 66
135 66 142 66
74 66 82 66
83 66 94 66
195 65 199 66
192 64 194 66
186 65 191 66
20 0 23 1
24 0 33 0
147 14 158 14
151 15 162 15
152 16 163 16
157 13 168 13
159 14 170 14
162 12 173 12
163 15 174 15
164 16 174 16
169 13 179 13
171 14 182 14
174 12 183 12
175 15 183 15
180 13 191 13
183 14 191 14
123 32 134 32
126 33 131 34
129 31 137 31
132 34 139 34
138 32 149 32
140 33 141 36
3 85 13 85
14 85 24 85
25 85 36 85
127 85 136 85
137 85 145 85
146 85 155 85
3 84 11 84
24 84 35 84
150 84 161 84
179 84 184 85
12 84 23 84
156 85 164 85
162 84 173 84
174 84 178 85
165 85 173 85
185 84 196 84
185 85 196 85
118 91 129 91
125 90 136 90
130 91 141 91
122 92 131 92
132 92 142 92
143 92 153 92
2 87 7 88
3 86 14 86
8 87 13 88
14 87 25 87
15 86 25 86
43 86 52 86
48 87 57 87
55 88 66 88
58 87 68 87
120 86 128 86
120 87 129 87
125 88 129 89
129 86 138 86
130 87 133 89
134 87 138 88
134 89 142 89
139 86 149 86
139 87 144 88
145 87 154 87
0 87 1 92
118 88 120 90
121 88 124 90
2 89 5 91
9 91 13 92
68 92 78 92
71 86 80 86
80 91 90 91
88 92 97 92
96 90 99 91
98 92 109 92
100 90 105 91
165 88 174 88
166 87 177 87
174 86 184 86
137 90 148 90
142 91 153 91
143 89 151 89
145 88 155 88
149 90 160 90
152 89 162 89
156 88 164 88
163 89 174 89
175 89 183 89
150 86 161 86
155 87 165 87
112 90 117 91
110 92 121 92
162 86 173 86
79 92 87 92
0 84 2 86
37 85 42 86
154 91 165 91
154 92 165 92
162 90 173 90
166 91 171 92
172 91 179 91
172 92 179 92
174 90 183 90
180 91 189 91
180 92 190 92
2 95 5 97
6 95 8 97
9 97 18 97
14 96 25 96
54 95 63 95
89 97 98 97
94 95 98 96
99 95 102 97
103 95 114 95
103 96 108 97
109 96 117 96
109 97 120 97
115 95 123 95
118 96 128 96
121 97 130 97
124 95 132 95
144 95 152 95
152 96 157 97
153 95 163 95
158 96 167 96
158 97 168 97
164 95 171 95
168 96 178 96
169 97 178 97
172 95 183 95
179 96 183 97
9 95 13 96
14 95 24 95
133 95 143 95
129 96 138 96
64 95 69 96
68 97 78 97
70 95 75 96
76 95 81 96
79 97 88 97
82 95 93 95
82 96 93 96
143 97 151 97
131 97 142 97
139 96 150 96
184 95 187 97
188 95 191 97
192 96 197 97
19 97 30 97
25 95 36 95
26 96 36 96
31 97 42 97
37 95 42 96
43 95 53 95
43 96 53 96
43 97 54 97
54 96 63 96
56 97 67 97
44 94 52 94
53 94 63 94
96 94 105 94
106 94 117 94
118 94 129 94
130 94 140 94
141 94 151 94
152 94 162 94
163 94 174 94
94 93 105 93
106 93 117 93
118 93 128 93
129 93 139 93
140 93 150 93
151 93 162 93
57 93 64 93
9 94 19 94
20 94 31 94
45 93 56 93
64 94 72 94
65 93 73 93
84 94 95 94
73 94 83 94
74 93 84 93
85 93 93 93
32 94 43 94
163 93 174 93
175 93 186 93
175 94 186 94
187 93 191 94
0 93 1 97
192 93 195 95
2 92 5 94
6 91 8 94
73 82 83 82
93 82 100 82
84 82 92 82
3 82 10 82
171 82 179 82
180 82 191 82
192 82 199 82
67 81 76 81
77 81 88 81
89 81 100 81
106 81 115 81
3 81 13 81
163 81 171 81
172 81 180 81
181 81 188 81
189 81 199 81
101 81 105 82
81 83 91 83
3 83 13 83
167 83 178 83
179 83 188 83
189 83 196 83
28 75 36 75
37 75 45 75
104 75 115 75
116 75 127 75
128 75 138 75
143 75 148 76
6 75 15 75
69 80 79 80
92 79 103 79
92 80 103 80
135 78 145 78
146 77 151 78
169 77 174 78
175 77 178 78
0 75 1 79
80 80 91 80
16 75 27 75
102 76 113 76
113 78 116 80
180 76 190 76
182 75 193 75
2 79 13 79
3 76 8 77
3 78 13 78
3 80 13 80
9 76 19 76
9 77 20 77
17 78 27 78
20 76 29 76
30 76 41 76
21 77 30 77
28 78 38 78
114 76 125 76
103 77 113 77
97 78 108 78
109 78 112 80
104 79 108 80
126 76 131 77
132 76 142 76
134 77 145 77
165 80 176 80
171 79 182 79
177 80 187 80
179 77 183 78
183 79 191 79
184 77 195 77
184 78 195 78
191 76 199 76
196 77 199 78
188 80 199 80
192 79 199 79
70 79 81 79
75 78 85 78
82 79 91 79
84 77 94 77
86 78 96 78
95 77 102 77
91 76 101 76
93 75 103 75
14 78 16 81
0 80 2 83
31 77 39 77
39 78 47 78
39 79 49 79
40 77 47 77
42 76 53 76
48 77 52 78
50 79 58 79
53 77 56 78
57 77 62 78
52 73 63 73
84 73 95 73
96 73 105 73
6 73 17 73
106 73 117 73
58 72 69 72
40 74 51 74
96 74 105 74
6 74 16 74
106 74 117 74
118 73 123 74
143 73 147 74
168 71 176 71
54 71 61 71
7 71 11 72
104 72 114 72
171 74 182 74
62 71 72 71
115 71 120 72
80 71 88 71
81 72 91 72
92 72 103 72
97 71 108 71
121 71 130 71
121 72 131 72
124 73 129 74
130 73 141 73
130 74 138 74
131 71 141 71
132 72 141 72
142 71 147 72
148 71 157 71
148 73 159 73
148 72 159 72
158 71 167 71
160 72 165 73
166 72 171 73
85 74 95 74
172 72 176 73
177 71 182 72
177 73 184 73
183 71 188 72
183 74 194 74
185 73 194 73
189 71 194 72
37 69 48 69
42 67 47 68
48 67 57 67
48 68 58 68
58 67 69 67
146 68 157 68
184 67 188 68
151 69 161 69
135 68 145 68
151 70 162 70
163 70 173 70
46 70 57 70
49 69 59 69
189 67 193 68
194 67 196 69
1 67 5 68
3 69 14 69
6 67 10 68
11 67 14 68
97 70 108 70
129 67 139 67
140 67 147 67
97 67 105 67
97 68 102 69
103 68 113 68
106 67 117 67
103 69 114 69
115 69 120 70
118 67 128 67
114 68 122 68
123 68 134 68
70 67 72 70
59 68 69 68
60 69 69 69
58 70 69 70
80 67 82 70
83 67 94 67
83 68 85 70
86 68 88 70
89 68 94 69
121 69 126 70
127 69 137 69
127 70 135 70
136 70 146 70
138 69 146 69
147 69 150 70
185 70 196 70
95 67 96 71
197 67 198 71
0 69 1 74
3 70 6 72
89 70 94 71
109 70 114 71
70 72 80 72
73 67 77 68
73 69 76 71
78 67 79 71
199 67 199 75
2 69 2 78
195 71 196 75
197 72 198 75
3 73 5 75
139 74 142 75
67 88 78 88
69 87 80 87
79 88 86 88
81 87 92 87
85 89 93 89
87 88 95 88
91 90 95 91
108 88 117 88
46 75 53 75
52 74 63 74
54 75 62 75
54 76 65 76
63 77 68 78
64 73 75 73
64 74 74 74
75 77 83 77
76 73 83 73
79 74 84 75
79 76 90 76
85 75 92 75
75 74 78 76
63 75 74 75
66 76 74 76
69 77 74 78
94 89 105 89
96 88 107 88
106 89 117 89
106 90 111 91
114 77 125 77
117 78 122 79
123 78 134 78
1 98 9 98
10 98 18 98
69 98 73 99
80 98 91 98
80 99 90 99
92 98 101 98
102 98 113 98
110 99 120 99
114 98 121 98
121 99 129 99
122 98 133 98
130 99 141 99
142 99 152 99
145 98 155 98
153 99 163 99
156 98 163 98
164 98 174 98
164 99 173 99
1 99 10 99
74 98 79 99
110 100 121 100
122 100 133 100
134 100 144 100
145 100 154 100
155 100 165 100
79 100 90 100
27 101 35 101
45 101 56 101
104 101 112 101
113 101 120 101
121 101 130 101
131 101 141 101
142 101 153 101
154 101 165 101
79 101 90 101
95 101 103 101
69 101 78 101
166 100 171 101
91 99 94 101
95 99 99 100
100 99 104 100
105 99 109 100
66 100 77 100
57 101 68 101
31 100 42 100
36 101 44 101
43 100 54 100
134 98 144 98
172 100 180 100
172 101 180 101
174 99 185 99
175 98 184 98
187 100 191 101
192 100 197 101
185 98 196 98
186 99 197 99
181 100 186 101
30 98 39 98
36 99 47 99
40 98 48 98
49 98 56 98
48 99 59 99
55 100 65 100
57 98 68 98
60 99 68 99
19 98 29 98
14 99 23 99
24 99 35 99
19 100 30 100
25 104 35 104
31 102 42 102
36 104 44 104
37 103 48 103
43 102 54 102
45 104 54 104
49 103 58 103
55 102 63 102
55 104 66 104
59 103 70 103
67 104 78 104
71 103 81 103
75 102 85 102
79 104 86 104
82 103 93 103
87 104 97 104
94 103 105 103
98 102 106 102
98 104 108 104
107 102 115 102
109 103 114 104
115 103 120 104
116 102 127 102
128 102 136 102
137 102 148 102
138 103 147 103
138 104 149 104
148 103 158 103
149 102 158 102
150 104 158 104
159 102 162 104
86 102 97 102
35 105 46 105
47 105 55 105
56 105 63 105
76 105 86 105
87 105 96 105
106 105 115 105
161 105 171 105
3 106 13 106
32 106 41 106
42 106 53 106
54 106 62 106
86 106 96 106
111 106 119 106
129 106 138 106
97 105 101 106
139 105 148 105
139 106 147 106
1 108 10 108
3 107 13 107
32 107 40 107
35 108 45 108
41 107 52 107
46 108 55 108
85 107 93 107
94 107 97 108
98 107 101 108
102 108 111 108
111 107 122 107
112 108 121 108
123 107 133 107
195 107 199 108
102 105 105 107
106 106 110 107
116 105 126 105
120 106 128 106
121 103 132 103
121 104 132 104
127 105 138 105
133 103 137 104
64 102 74 102
14 106 23 106
23 105 34 105
24 106 27 107
28 106 31 107
11 108 22 108
14 107 23 107
23 108 34 108
122 108 133 108
163 102 173 102
163 103 168 104
169 103 180 103
169 104 178 104
172 105 182 105
182 106 191 106
183 105 191 105
192 105 197 106
134 107 139 108
142 107 150 107
142 108 153 108
149 105 160 105
148 106 158 106
151 107 159 107
154 108 162 108
159 106 169 106
160 107 168 107
185 108 194 108
169 107 180 107
170 106 181 106
185 107 194 107
190 103 194 104
179 104 189 104
198 102 199 106
195 102 197 104
53 107 64 107
61 108 72 108
73 108 84 108
75 107 84 107
85 108 93 108
63 106 74 106
64 105 75 105
65 107 74 107
75 106 85 106
174 102 185 102
186 102 194 102
181 103 189 103
163 108 171 108
55 118 65 118
119 118 130 118
131 118 140 118
141 118 152 118
153 118 164 118
32 118 43 118
44 118 54 118
165 118 173 118
174 118 182 118
66 118 75 118
76 118 83 118
84 118 95 118
43 119 51 119
52 119 62 119
108 119 118 119
119 119 130 119
131 119 138 119
139 119 150 119
31 119 42 119
151 119 160 119
161 119 170 119
171 119 182 119
63 119 74 119
87 119 95 119
96 118 101 119
183 118 188 119
108 118 118 118
102 118 107 119
9 120 20 120
21 120 31 120
32 120 41 120
109 120 120 120
121 120 128 120
129 120 140 120
141 120 152 120
42 120 53 120
154 120 165 120
167 120 178 120
179 120 188 120
54 120 65 120
3 119 8 120
2 112 4 115
5 112 8 114
9 112 12 114
13 112 22 112
13 113 22 113
13 114 23 114
23 112 28 113
24 114 33 114
33 115 44 115
34 114 44 114
40 112 50 112
40 113 49 113
45 114 53 114
45 115 53 115
50 113 58 113
51 112 60 112
54 114 62 114
59 113 68 113
61 112 70 112
63 114 68 115
69 113 79 113
69 114 79 114
69 115 77 115
71 112 81 112
78 115 88 115
80 113 84 114
82 112 93 112
159 115 170 115
5 110 16 110
17 110 26 110
27 110 38 110
39 110 49 110
50 110 59 110
5 111 16 111
17 111 28 111
40 111 51 111
52 111 62 111
63 111 74 111
75 111 86 111
0 110 4 111
29 111 32 113
33 111 36 113
37 111 39 113
162 111 173 111
54 115 62 115
142 112 147 113
153 111 161 111
154 112 165 112
154 113 165 113
1 109 8 109
9 109 18 109
28 109 39 109
40 109 47 109
48 109 55 109
19 109 27 109
126 109 137 109
198 109 199 114
166 112 171 113
132 112 141 112
36 116 47 116
148 116 159 116
148 117 157 117
158 117 168 117
160 116 171 116
169 117 180 117
172 116 182 116
42 117 52 117
48 116 59 116
53 117 63 117
183 116 190 116
62 116 73 116
64 117 73 117
0 112 1 117
134 110 139 111
195 115 199 116
181 117 190 117
176 110 185 110
185 109 196 109
186 110 197 110
142 109 147 110
142 111 152 111
148 109 158 109
148 110 159 110
124 113 129 114
130 113 141 113
130 114 141 114
121 115 131 115
132 115 137 116
138 115 143 116
144 115 147 117
121 116 125 117
126 116 131 117
132 117 143 117
142 114 152 114
148 112 153 113
148 115 158 115
153 114 164 114
74 116 79 117
80 116 91 116
80 117 90 117
87 110 92 111
91 109 101 109
60 110 67 110
61 109 71 109
68 110 77 110
72 109 81 109
78 110 86 110
82 109 90 109
85 113 90 114
89 115 99 115
91 113 96 114
97 113 102 114
100 115 111 115
103 114 113 114
112 115 120 115
114 114 123 114
109 116 114 117
115 116 120 117
91 117 102 117
92 116 102 116
103 116 108 117
159 109 170 109
160 110 171 110
191 116 194 118
197 117 199 120
3 121 14 121
15 121 23 121
24 121 34 121
109 121 120 121
121 121 132 121
133 121 143 121
35 121 46 121
149 121 159 121
160 121 168 121
169 121 179 121
180 121 188 121
48 121 59 121
60 121 71 121
10 142 19 142
55 142 66 142
72 142 83 142
84 142 95 142
105 142 114 142
115 142 126 142
127 142 136 142
4 143 15 143
45 143 56 143
57 143 67 143
79 143 90 143
115 143 125 143
126 143 136 143
137 142 142 143
45 142 54 142
68 143 78 143
91 143 102 143
96 142 104 142
103 143 114 143
16 143 27 143
20 142 29 142
28 143 39 143
30 142 39 142
40 142 44 143
176 142 181 143
143 142 154 142
193 142 198 143
185 142 188 143
189 142 192 143
143 143 154 143
7 144 14 144
15 144 25 144
43 144 51 144
52 144 63 144
87 144 97 144
108 144 118 144
119 144 129 144
64 144 74 144
75 144 86 144
98 144 107 144
26 144 34 144
35 144 42 144
188 144 198 144
142 144 153 144
130 144 141 144
43 128 51 128
52 128 62 128
52 129 63 129
63 128 74 128
64 129 72 129
73 129 83 129
104 128 112 128
107 129 118 129
130 129 140 129
136 128 143 128
46 127 56 127
57 127 68 127
93 127 104 127
124 127 135 127
105 127 114 127
189 128 194 129
84 128 92 128
84 129 94 129
93 128 103 128
95 129 106 129
69 127 80 127
81 127 92 127
75 128 83 128
185 127 194 127
53 130 60 130
72 130 80 130
81 130 91 130
103 130 114 130
115 130 126 130
127 130 137 130
138 130 149 130
185 130 194 130
61 130 71 130
92 130 102 130
2 132 11 132
12 132 22 132
89 131 100 131
101 131 112 131
102 132 109 132
110 132 121 132
113 131 121 131
122 131 132 131
122 132 133 132
133 131 141 131
134 132 144 132
188 131 197 131
2 133 7 134
2 135 12 135
8 133 13 134
52 134 57 135
63 134 68 135
73 134 77 135
78 135 86 135
87 135 98 135
98 134 106 134
99 135 109 135
103 133 114 133
107 134 117 134
110 135 121 135
115 133 123 133
118 134 126 134
122 135 132 135
124 133 135 133
127 134 138 134
133 135 142 135
136 133 147 133
139 134 150 134
143 135 154 135
148 133 157 133
151 134 161 134
162 134 173 134
166 135 175 135
186 134 197 134
188 132 197 132
47 134 51 135
176 135 187 135
53 132 58 133
58 134 62 135
58 131 66 131
13 135 24 135
14 133 18 134
19 133 24 134
25 133 27 135
28 133 30 135
35 132 40 133
41 132 46 133
155 135 165 135
2 136 9 136
49 136 58 136
59 136 68 136
73 136 83 136
84 136 95 136
96 136 106 136
107 136 118 136
119 136 128 136
129 136 138 136
139 136 149 136
10 136 21 136
22 136 31 136
8 137 16 137
21 137 31 137
54 137 64 137
65 137 73 137
74 137 83 137
84 137 94 137
95 137 103 137
104 137 115 137
116 137 125 137
126 137 133 137
134 137 141 137
142 137 150 137
2 139 13 139
4 140 13 140
8 138 16 138
14 139 19 140
20 139 25 140
21 138 30 138
26 139 30 140
31 138 38 138
31 139 35 140
36 139 45 139
36 140 47 140
39 138 48 138
46 139 55 139
54 138 63 138
56 139 67 139
59 140 69 140
64 138 75 138
68 139 77 139
70 140 81 140
76 138 85 138
78 139 89 139
82 140 92 140
86 138 97 138
105 140 116 140
110 138 121 138
116 139 126 139
117 140 128 140
122 138 133 138
127 139 135 139
129 140 138 140
134 138 144 138
145 138 153 138
10 141 19 141
20 141 30 141
31 141 41 141
72 141 82 141
83 141 93 141
94 141 105 141
106 141 116 141
117 141 125 141
126 141 137 141
42 141 53 141
48 140 58 140
55 141 66 141
90 139 101 139
93 140 104 140
98 138 109 138
104 139 115 139
2 137 7 138
17 137 20 138
49 137 53 138
32 137 42 137
43 136 48 137
165 136 176 136
177 136 188 136
0 131 0 141
198 130 199 135
31 133 34 135
32 136 42 136
35 134 46 134
35 135 46 135
47 132 52 133
48 131 57 131
1 128 1 139
2 129 5 131
59 132 70 132
59 133 70 133
67 131 78 131
69 134 72 136
164 137 175 137
176 137 178 139
179 137 181 139
182 137 184 140
154 138 157 140
170 138 175 139
176 140 181 141
185 137 188 138
185 139 188 141
189 136 190 141
136 127 146 127
98 132 101 133
94 132 97 134
90 132 93 134
113 128 124 128
115 127 123 127
119 129 129 129
125 128 135 128
193 140 198 141
2 128 12 128
4 127 14 127
6 129 9 131
10 129 13 131
13 128 21 128
14 129 18 130
15 127 25 127
19 129 24 130
22 128 32 128
29 129 40 129
14 131 24 131
23 132 34 132
25 129 28 131
29 131 38 131
176 131 181 132
26 127 34 127
33 128 42 128
35 127 45 127
136 139 147 139
148 139 153 140
139 140 147 140
138 141 149 141
41 129 51 129
29 130 40 130
41 130 52 130
39 131 47 131
1 140 3 143
168 140 170 143
173 140 175 143
4 141 9 142
67 141 71 142
182 141 184 144
71 132 76 133
77 132 82 133
78 134 89 134
79 131 88 131
84 132 89 133
1 122 5 123
4 124 15 124
6 122 16 122
6 123 16 123
15 125 23 125
16 124 27 124
17 122 26 122
17 123 24 123
24 125 32 125
25 123 35 123
27 122 37 122
28 124 38 124
33 125 44 125
36 123 47 123
39 124 47 124
45 125 52 125
53 125 63 125
70 124 80 124
79 123 88 123
81 124 89 124
88 122 98 122
88 125 99 125
89 123 98 123
90 124 99 124
99 122 110 122
99 123 110 123
100 124 105 125
111 122 121 122
111 123 116 124
111 125 122 125
117 123 122 124
122 122 131 122
123 123 125 125
126 123 128 125
129 123 132 125
132 122 143 122
48 122 51 124
52 123 57 124
58 124 69 124
106 124 110 125
38 122 47 122
64 125 75 125
76 125 87 125
133 123 136 125
137 123 148 123
149 125 156 125
169 125 180 125
174 123 178 124
181 125 190 125
179 123 184 124
185 122 190 123
185 124 196 124
191 122 196 123
191 125 199 125
149 122 160 122
149 123 159 123
149 124 159 124
157 125 164 125
160 123 164 124
161 122 172 122
165 123 168 125
169 123 173 124
173 122 184 122
137 124 142 125
143 124 148 125
15 126 24 126
37 126 48 126
49 126 60 126
123 126 131 126
99 126 110 126
111 126 122 126
61 126 72 126
87 126 98 126
73 126 84 126
156 126 165 126
166 126 177 126
178 126 186 126
187 126 194 126
132 126 143 126
144 126 155 126
25 126 36 126
4 125 9 126
10 125 14 126
52 122 63 122
58 123 68 123
64 122 75 122
69 123 78 123
76 122 87 122
0 122 0 130
1 124 3 127
195 126 196 130
197 126 199 129
150 141 160 141
155 142 160 143
161 144 170 144
171 140 172 143
171 144 181 144
161 141 164 143
164 138 169 139
165 140 167 143
142 131 153 131
145 132 153 132
141 129 149 129
144 128 155 128
147 127 157 127
150 129 155 130
156 128 167 128
156 129 165 129
156 130 166 130
158 127 165 127
166 127 173 127
166 129 177 129
166 131 175 131
167 130 176 130
177 130 184 130
144 121 148 122
197 121 199 124
168 128 178 128
174 127 184 127
178 129 188 129
179 128 188 128
154 131 165 131
154 132 163 132
164 132 175 132
158 133 169 133
150 136 161 136
162 136 163 140
151 137 161 137
158 138 161 140
170 133 181 133
174 134 185 134
182 131 187 132
184 133 195 133
1 146 8 146
7 145 17 145
9 146 17 146
18 145 23 146
24 145 33 145
24 146 34 146
34 145 43 145
35 146 46 146
44 145 55 145
47 146 58 146
56 145 67 145
59 146 68 146
69 146 80 146
77 145 86 145
81 146 91 146
87 145 96 145
92 146 103 146
97 145 108 145
104 146 113 146
110 145 121 145
114 146 123 146
161 145 166 146
172 145 179 145
172 146 179 146
68 145 76 145
188 146 198 146
140 145 143 146
144 145 153 145
144 146 153 146
188 145 198 145
122 145 133 145
124 146 133 146
134 145 139 146
180 145 184 146
167 145 171 146
1 144 6 145
154 144 157 146
158 144 160 146
185 144 187 146
0 119 2 121
90 120 94 121
95 120 98 121
99 120 103 121
104 120 108 121
189 118 190 121
191 119 194 121
195 117 196 121
165 114 172 114
171 115 182 115
172 112 177 113
173 114 183 114
174 111 182 111
178 112 183 113
183 111 194 111
183 115 194 115
184 112 189 113
184 114 194 114
190 112 194 113
195 111 197 114
67 120 78 120
72 121 83 121
75 119 86 119
84 120 89 121
0 118 10 118
2 116 6 117
5 115 14 115
7 116 15 116
8 117 19 117
9 119 20 119
11 118 22 118
15 115 22 115
16 116 24 116
20 117 31 117
21 119 30 119
23 115 32 115
23 118 31 118
25 116 35 116
32 117 41 117
0 98 0 109
140 107 141 111
181 107 184 109
56 108 60 109
172 108 175 110
176 108 180 109
188 135 197 135
191 136 192 141
193 136 195 139
196 136 198 139
0 59 0 68
0 142 0 150
199 136 199 147
48 55 59 55
49 54 60 54
54 56 59 57
58 53 68 53
60 55 71 55
60 56 70 56
60 57 68 57
61 54 72 54
64 58 75 58
69 53 80 53
69 57 77 57
71 56 82 56
72 55 82 55
76 58 86 58
78 57 86 57
17 159 28 159
17 160 28 160
26 161 34 161
73 54 82 54
81 53 92 53
83 55 88 56
93 53 104 53
83 54 94 54
95 54 106 54
89 55 97 55
11 82 22 82
14 83 25 83
17 79 19 81
20 79 22 81
23 79 28 80
23 81 28 82
26 83 37 83
29 79 31 81
29 82 40 82
32 79 34 81
35 79 38 80
35 81 44 81
39 80 48 80
41 82 49 82
45 81 55 81
0 224 3 226
0 227 5 228
0 229 1 233
2 229 3 232
4 225 9 226
4 229 9 230
6 227 11 228
10 229 20 229
12 227 17 228
18 227 21 228
19 226 30 226
21 229 30 229
22 227 26 228
3 223 14 223
4 224 14 224
15 224 18 226
10 225 14 226
49 80 59 80
56 81 66 81
59 79 69 79
60 80 68 80
29 158 31 160
32 157 41 157
32 158 43 158
32 159 43 159
6 89 15 89
6 90 17 90
9 93 20 93
14 88 24 88
14 91 19 92
16 89 27 89
20 90 23 92
21 93 32 93
24 90 27 92
25 88 33 88
26 86 30 87
28 89 39 89
28 90 30 92
31 86 36 87
31 90 42 90
31 91 38 91
31 92 38 92
33 93 44 93
34 88 42 88
37 87 47 87
39 91 44 92
40 89 51 89
43 88 54 88
43 90 53 90
45 91 49 92
50 91 55 92
52 89 62 89
56 91 61 92
54 90 65 90
62 91 67 92
63 89 74 89
165 62 176 62
172 64 182 64
172 63 183 63
177 62 188 62
183 64 191 64
184 63 194 63
93 111 104 111
94 112 105 112
95 110 106 110
102 109 113 109
103 113 113 113
105 111 116 111
106 112 116 112
107 110 118 110
114 109 125 109
114 113 123 113
117 111 122 112
119 110 130 110
123 111 133 111
123 112 131 112
62 215 73 215
68 216 79 216
71 217 82 217
72 213 76 214
77 213 88 213
83 217 92 217
89 213 98 213
93 214 98 215
91 216 102 216
93 217 102 217
99 213 103 214
99 215 107 215
103 216 108 217
104 213 108 214
108 215 115 215
175 88 186 88
178 87 189 87
184 89 188 90
185 86 196 86
187 88 198 88
189 89 194 90
190 87 198 87
190 91 198 91
191 92 198 92
195 89 198 90
196 93 198 95
197 83 199 86
198 96 199 101
199 87 199 95
12 72 23 72
17 74 28 74
18 73 28 73
24 72 35 72
29 73 40 73
29 74 39 74
34 70 45 70
35 71 45 71
36 72 47 72
41 73 51 73
46 71 53 71
48 72 57 72
148 74 159 74
149 75 154 76
152 77 157 78
155 75 164 75
155 76 164 76
158 77 163 78
159 79 170 79
160 74 170 74
164 77 168 78
165 75 170 76
171 75 181 75
171 76 179 76
75 215 86 215
77 214 86 214
80 216 90 216
87 214 92 215
118 231 127 231
128 230 139 230
128 231 131 233
132 229 142 229
132 231 135 233
133 234 142 234
136 231 139 233
140 230 145 231
140 232 145 233
143 229 152 229
143 234 151 234
146 230 148 232
146 233 156 233
149 230 157 230
149 231 154 232
79 85 90 85
81 86 92 86
86 84 94 84
91 85 102 85
92 83 102 83
93 86 97 87
95 84 104 84
98 86 109 86
98 87 109 87
103 83 112 83
103 85 114 85
105 84 115 84
110 86 114 87
115 85 126 85
115 86 119 87
60 32 71 32
69 33 79 33
72 31 77 32
74 34 83 34
78 31 82 32
80 33 91 33
83 30 86 32
84 34 91 34
87 30 90 31
87 32 98 32
91 30 100 30
91 31 99 31
92 33 101 33
99 32 110 32
100 31 107 31
7 70 18 70
10 65 21 65
11 66 21 66
12 71 23 71
15 67 18 69
19 67 23 68
19 69 24 70
22 65 26 66
24 67 35 67
24 68 35 68
24 71 34 71
25 69 36 69
25 70 33 70
27 65 32 66
33 66 40 66
36 67 41 68
61 160 72 160
65 161 74 161
68 159 79 159
73 160 84 160
73 162 76 163
75 161 83 161
77 162 87 162
79 158 90 158
80 159 90 159
84 161 94 161
85 160 96 160
91 158 96 159
95 161 106 161
97 158 101 159
97 160 106 160
120 51 129 51
122 50 133 50
124 49 132 49
129 48 138 48
130 51 141 51
133 49 143 49
134 50 143 50
139 48 150 48
140 52 147 52
142 51 149 51
144 49 149 50
150 49 158 49
150 50 159 50
148 52 159 52
150 51 161 51
158 53 166 53
160 52 171 52
1 100 10 100
1 101 10 101
1 102 12 102
1 103 2 107
3 103 13 103
3 104 14 104
3 105 13 105
11 99 13 101
13 102 20 102
14 100 18 101
14 103 24 103
14 105 22 105
15 104 24 104
19 101 26 101
21 102 30 102
25 103 36 103
122 173 133 173
127 172 138 172
131 174 135 175
134 173 142 173
135 176 144 176
136 174 141 175
139 172 150 172
142 174 153 174
142 175 151 175
143 173 154 173
145 176 154 176
152 175 159 175
154 174 165 174
82 62 93 62
84 63 95 63
89 61 100 61
91 64 102 64
92 60 100 60
94 62 105 62
96 63 105 63
99 58 103 59
101 60 112 60
101 61 112 61
103 64 114 64
104 59 115 59
106 62 117 62
106 63 117 63
113 60 117 61
118 59 119 63
36 84 47 84
38 83 49 83
43 85 52 85
48 84 56 84
50 82 55 83
53 85 64 85
53 86 62 86
56 82 63 82
57 83 62 84
63 83 70 83
63 84 73 84
63 86 70 86
64 82 72 82
65 85 76 85
71 83 80 83
74 84 85 84
150 210 159 210
153 211 162 211
160 210 168 210
161 208 166 209
163 211 168 212
167 207 171 208
167 209 176 209
169 210 174 211
169 212 179 212
172 208 182 208
175 210 180 211
177 209 185 209
181 210 188 210
181 211 191 211
186 209 196 209
189 210 196 210
106 82 116 82
113 83 124 83
116 81 127 81
116 84 126 84
117 80 128 80
117 82 128 82
123 79 130 79
125 83 134 83
127 84 137 84
129 80 134 81
129 82 137 82
131 79 141 79
135 80 140 81
135 83 145 83
138 84 149 84
141 80 146 81
142 79 149 79
147 80 157 80
150 79 158 79
138 82 148 82
146 83 154 83
147 81 157 81
158 80 162 81
149 82 160 82
161 82 170 82
155 83 166 83
0 234 1 237
0 238 2 241
0 242 9 242
0 243 9 243
2 237 12 237
3 238 14 238
3 239 14 239
3 240 8 241
9 240 12 241
15 238 19 239
20 238 24 239
2 236 13 236
6 235 15 235
13 237 24 237
14 236 25 236
0 244 11 244
3 245 14 245
10 242 15 243
12 244 23 244
1 8 11 8
4 7 15 7
9 9 14 10
12 8 22 8
13 5 18 6
15 9 25 9
15 10 24 10
18 7 29 7
19 6 30 6
23 8 34 8
25 10 35 10
26 9 34 9
30 7 38 7
35 8 46 8
35 9 45 9
75 89 84 89
66 90 75 90
76 90 79 91
80 90 90 90
68 91 75 91
32 151 43 151
44 151 52 151
53 151 58 152
33 152 41 152
42 152 52 152
36 153 39 155
40 153 45 154
46 153 56 153
57 153 61 154
62 153 67 154
46 154 56 154
40 155 51 155
33 153 35 155
24 154 32 154
24 155 32 155
30 156 40 156
41 156 52 156
51 157 62 157
52 155 62 155
56 156 67 156
151 225 159 225
155 226 166 226
158 227 169 227
160 224 164 225
165 224 174 224
166 223 176 223
170 227 181 227
172 228 183 228
177 223 186 223
183 224 190 224
184 225 186 228
165 225 176 225
167 226 177 226
175 224 182 224
178 225 183 226
148 67 159 67
151 66 162 66
155 65 162 65
158 68 165 68
160 67 171 67
162 69 173 69
163 65 168 66
164 63 168 64
166 68 177 68
169 63 171 66
172 65 183 65
172 66 177 67
178 66 185 66
12 175 17 176
17 172 22 173
17 174 28 174
18 175 28 175
18 176 29 176
23 172 28 173
27 177 31 178
29 172 31 175
30 176 41 176
32 173 39 173
32 174 37 175
32 177 35 178
36 177 40 178
38 174 43 175
42 176 50 176
178 67 183 68
174 69 184 69
185 69 193 69
174 70 184 70
70 4 81 4
76 1 87 1
76 2 81 3
78 0 86 0
80 5 91 5
82 2 85 3
82 4 92 4
86 2 97 2
87 0 98 0
87 3 98 3
88 1 98 1
98 2 108 2
93 5 103 5
102 4 109 4
93 4 101 4
99 3 109 3
